Date,Description,Debit,Credit,Balance
2025-01-09,initial balance,1000.0,0.0,1000.0
2025-01-09,Lunch,0.0,10.0,990.0
2025-01-09,Loan disbursement,3000.0,0.0,3990.0
2025-01-09,Loan Payment,0.0,393.75,3596.25
2025-01-09,another deposit,100.0,0.0,3696.25
2025-01-09,Added to savings,0.0,10.0,3686.25
2025-01-09,Loan Payment,0.0,2756.25,930.0
2025-01-09,Loan disbursement,2000.0,0.0,2930.0
2025-01-09,Added to savings,0.0,200.0,2730.0
2025-01-09,Savings transfer,210.0,0.0,2940.0
